[
  {
    "objectID": "index.html",
    "href": "index.html",
    "title": "CompBio_Feb",
    "section": "",
    "text": "This is a Quarto website.\nTo learn more about Quarto websites visit https://quarto.org/docs/websites.\nThis is homework 3 Homework 3 ———————"
  },
  {
    "objectID": "about.html",
    "href": "about.html",
    "title": "About",
    "section": "",
    "text": "About this site"
  },
  {
    "objectID": "Homework_3.html",
    "href": "Homework_3.html",
    "title": "Homework 3",
    "section": "",
    "text": "This is homework 3-technically\n\n# Question 1\nn_dims &lt;- sample(3:10, 1)\nn_dims\n\n[1] 7\n\nseq(from=1, to=n_dims^2)\n\n [1]  1  2  3  4  5  6  7  8  9 10 11 12 13 14 15 16 17 18 19 20 21 22 23 24 25\n[26] 26 27 28 29 30 31 32 33 34 35 36 37 38 39 40 41 42 43 44 45 46 47 48 49\n\nn_dims2 &lt;- seq(from=1, to=n_dims^2)\nn_dims2\n\n [1]  1  2  3  4  5  6  7  8  9 10 11 12 13 14 15 16 17 18 19 20 21 22 23 24 25\n[26] 26 27 28 29 30 31 32 33 34 35 36 37 38 39 40 41 42 43 44 45 46 47 48 49\n\nsample(n_dims^2)\n\n [1]  8  7 21 38 23  5 40 30 19  6 18 10 12 22 43  1 35 48 24 31 15 32 14 25  2\n[26] 41 39 28 46 49 37 26 45 27 34  4 11 17 42 33 16 20  3 47 13 29 44  9 36\n\nshuffled &lt;- sample(n_dims^2)\n\nmat &lt;- matrix(data=shuffled, nrow = n_dims, ncol=n_dims)\nprint(mat)\n\n     [,1] [,2] [,3] [,4] [,5] [,6] [,7]\n[1,]   33   11   31   16   43   26    4\n[2,]   46   22    1   15   41   17   18\n[3,]    5    2   23   34   47   14   29\n[4,]    9   42   20   40   10    6    7\n[5,]    8   37   30   13   39   27   21\n[6,]   35   48    3   44   25   38   49\n[7,]   19   45   36   32   12   24   28\n\nt_mat &lt;- t(mat)\nprint(t_mat)\n\n     [,1] [,2] [,3] [,4] [,5] [,6] [,7]\n[1,]   33   46    5    9    8   35   19\n[2,]   11   22    2   42   37   48   45\n[3,]   31    1   23   20   30    3   36\n[4,]   16   15   34   40   13   44   32\n[5,]   43   41   47   10   39   25   12\n[6,]   26   17   14    6   27   38   24\n[7,]    4   18   29    7   21   49   28\n\n\nquarto render"
  },
  {
    "objectID": "index.html#homework-4",
    "href": "index.html#homework-4",
    "title": "CompBio_Feb",
    "section": "Homework 4",
    "text": "Homework 4"
  },
  {
    "objectID": "index.html#homework-5",
    "href": "index.html#homework-5",
    "title": "CompBio_Feb",
    "section": "Homework 5",
    "text": "Homework 5"
  }
]