[
  {
    "objectID": "index.html",
    "href": "index.html",
    "title": "CompBio_Feb",
    "section": "",
    "text": "This is a Quarto website.\nTo learn more about Quarto websites visit https://quarto.org/docs/websites.\n[Homework 3] (&lt;Homework)\nHomework 4\nHomework 4:\n[Homework 5]"
  },
  {
    "objectID": "about.html",
    "href": "about.html",
    "title": "About",
    "section": "",
    "text": "About this site"
  },
  {
    "objectID": "Homework_3.html",
    "href": "Homework_3.html",
    "title": "Untitled",
    "section": "",
    "text": "This is homework 3-technically\n\n# Question 1\nn_dims &lt;- sample(3:10, 1)\nn_dims\n\n[1] 9\n\nseq(from=1, to=n_dims^2)\n\n [1]  1  2  3  4  5  6  7  8  9 10 11 12 13 14 15 16 17 18 19 20 21 22 23 24 25\n[26] 26 27 28 29 30 31 32 33 34 35 36 37 38 39 40 41 42 43 44 45 46 47 48 49 50\n[51] 51 52 53 54 55 56 57 58 59 60 61 62 63 64 65 66 67 68 69 70 71 72 73 74 75\n[76] 76 77 78 79 80 81\n\nn_dims2 &lt;- seq(from=1, to=n_dims^2)\nn_dims2\n\n [1]  1  2  3  4  5  6  7  8  9 10 11 12 13 14 15 16 17 18 19 20 21 22 23 24 25\n[26] 26 27 28 29 30 31 32 33 34 35 36 37 38 39 40 41 42 43 44 45 46 47 48 49 50\n[51] 51 52 53 54 55 56 57 58 59 60 61 62 63 64 65 66 67 68 69 70 71 72 73 74 75\n[76] 76 77 78 79 80 81\n\nsample(n_dims^2)\n\n [1] 49 26 71 11 18 51 70 16 44 80 73 54 74 69 68 22 59 41 15 13 64  9 62  2 38\n[26] 29 43 60 53  5 30 10 57 14 17 77 50  7 61 65 36  3 67 19 63 78 81 56 76 66\n[51] 33  6 23 34 24 45 55 37 28 27 58 39  4 35 42 40 12 32 47 75 72  8  1 52 79\n[76] 25 46 31 21 48 20\n\nshuffled &lt;- sample(n_dims^2)\n\nmat &lt;- matrix(data=shuffled, nrow = n_dims, ncol=n_dims)\nprint(mat)\n\n      [,1] [,2] [,3] [,4] [,5] [,6] [,7] [,8] [,9]\n [1,]   77   79   12   52   63   35   25   53   55\n [2,]    4   28   49    8   21    6   37   56   39\n [3,]   10    9   58   60   40   13   50   34   26\n [4,]   20   72   23   69   42   75   67   81    3\n [5,]   14   51   44   80   27   74   66   62   22\n [6,]   38   65   54   33   73   32   48    7    2\n [7,]   24   31   36   47   61   45    1   18    5\n [8,]   70   57   64   78   16   76   68   17   41\n [9,]   71   15   43   59   19   46   29   30   11\n\nt_mat &lt;- t(mat)\nprint(t_mat)\n\n      [,1] [,2] [,3] [,4] [,5] [,6] [,7] [,8] [,9]\n [1,]   77    4   10   20   14   38   24   70   71\n [2,]   79   28    9   72   51   65   31   57   15\n [3,]   12   49   58   23   44   54   36   64   43\n [4,]   52    8   60   69   80   33   47   78   59\n [5,]   63   21   40   42   27   73   61   16   19\n [6,]   35    6   13   75   74   32   45   76   46\n [7,]   25   37   50   67   66   48    1   68   29\n [8,]   53   56   34   81   62    7   18   17   30\n [9,]   55   39   26    3   22    2    5   41   11"
  }
]